1
100
240 239 230 234 236 244 253 258 261 252 243 235 230 230 229 222 222 227 235 237 232 228 226 228 234 237 242 245 236 245 238 233 242 241 241 241 245 242 234 237 237 238 238 238 236 240 247 244 246 239 238 239 243 248 244 252 260 262 257 255 258 261 270 270 272 280 284 285 277 273 280 280 283 283 292 292 289 294 285 285 287 278 279 270 270 263 255 264 259 262 256 265 272 264 264 262 254 257 262 265 
100
5 93 183
17 85 192
2 88 530
13 95 314
1 96 343
5 82 500
23 94 500
3 80 904
18 97 220
14 87 867
0 79 948
7 87 837
1 83 651
5 94 155
20 91 935
13 86 554
14 88 460
13 83 329
18 88 382
14 98 371
5 96 666
2 89 679
16 88 170
16 81 452
22 85 411
9 95 549
12 81 688
21 91 906
2 98 743
10 81 471
5 99 374
21 96 986
1 78 500
22 87 443
1 90 834
11 81 663
11 93 133
0 95 391
8 91 45
0 81 665
22 98 765
20 75 293
7 97 141
6 75 903
24 97 790
9 84 383
22 97 941
6 95 923
24 87 656
18 85 227
9 86 653
23 91 952
18 81 154
8 75 780
11 99 283
0 89 423
9 90 102
0 84 359
22 83 98
4 90 63
5 81 426
7 80 562
10 87 455
15 79 956
22 91 157
4 91 594
3 79 930
7 79 297
15 80 439
12 99 750
1 93 896
4 84 640
17 96 627
23 81 349
3 84 358
11 78 793
4 97 38
8 90 33
5 98 404
18 84 455
17 82 763
12 78 628
3 86 706
4 88 502
5 83 794
12 96 218
4 90 195
17 79 531
1 97 232
7 79 747
11 85 491
23 95 889
2 90 854
10 85 192
11 80 859
4 91 714
21 87 998
17 93 993
22 89 995
5 82 442
